ME+1/1 0.010 0.000 0.325 1.324 5.853 0.016
ME+1/2 0.045 0.000 1.518 2.665 8.803 0.062
ME+1/3 0.173 0.000 3.232 7.574 16.164 0.332
ME+2/1 0.016 0.000 0.315 0.771 1.680 0.021
ME+2/2 0.098 0.000 2.223 2.025 9.358 0.066
ME+3/1 0.017 0.000 0.403 1.192 1.957 0.020
ME+3/2 0.082 0.000 2.196 2.437 10.636 0.063
ME+4/1 0.028 0.000 0.522 1.313 3.759 0.049
ME+4/2 0.088 0.000 2.688 2.911 12.014 0.072
ME-1/1 0.008 0.000 0.571 0.904 5.429 0.021
ME-1/2 0.047 0.000 0.940 2.393 9.773 0.072
ME-1/3 0.185 0.000 3.485 8.184 18.525 0.251
ME-2/1 0.015 0.000 0.331 0.784 1.459 0.021
ME-2/2 0.099 0.000 1.860 2.051 10.419 0.074
ME-3/1 0.028 0.000 0.587 1.139 2.561 0.025
ME-3/2 0.106 0.000 2.138 2.398 12.729 0.080
ME-4/1 0.031 0.000 0.680 1.221 3.089 0.037
ME-4/2 0.081 0.000 1.788 2.601 12.630 0.072
