MB+2/1 0.177 1.684 1.413 0.331 0.378 0.309
MB+2/2 0.131 1.466 1.359 0.577 0.404 0.225
MB+2/3 0.150 1.254 1.558 0.610 0.529 0.241
MB+2/4 1.437 0.845 8.698 5.777 6.867 0.861
MB+1/1 0.124 0.548 0.868 0.367 0.506 0.176
MB+1/2 0.141 0.320 0.697 0.530 0.758 0.237
MB+1/3 0.196 0.564 1.343 0.651 1.263 0.481
MB+1/4 1.229 0.964 7.742 3.417 7.613 0.515
MB_0/1 0.081 0.094 0.514 1.062 1.363 0.129
MB_0/2 0.121 0.135 0.519 1.425 1.312 0.162
MB_0/3 0.196 0.161 0.941 1.826 1.357 0.182
MB_0/4 0.691 1.423 3.706 4.414 6.286 0.631
MB-1/1 0.086 0.396 0.757 0.416 0.432 0.191
MB-1/2 0.121 0.639 1.345 0.606 0.594 0.181
MB-1/3 0.135 0.723 1.700 0.888 0.774 0.338
MB-1/4 0.893 0.974 6.455 5.988 6.186 0.792
MB-2/1 0.093 1.357 1.073 0.432 0.347 0.288
MB-2/2 0.126 1.445 1.522 0.426 0.461 0.385
MB-2/3 0.202 1.676 2.111 0.676 0.573 0.377
MB-2/4 0.431 1.350 1.917 7.442 5.054 1.061
