ME+1/1 0.008 0.000 0.316 1.034 5.394 0.016
ME+1/2 0.042 0.000 1.214 1.899 8.379 0.053
ME+1/3 0.151 0.000 2.585 6.745 15.099 0.321
ME+2/1 0.017 0.000 0.279 0.778 1.432 0.019
ME+2/2 0.082 0.000 1.981 1.717 10.231 0.060
ME+3/1 0.017 0.000 0.402 1.094 1.752 0.020
ME+3/2 0.072 0.000 1.723 2.300 9.869 0.060
ME+4/1 0.026 0.000 0.450 1.366 2.928 0.036
ME+4/2 0.081 0.000 2.398 2.256 12.083 0.060
ME-1/1 0.007 0.000 0.376 0.782 3.995 0.016
ME-1/2 0.030 0.000 0.912 1.892 6.517 0.049
ME-1/3 0.119 0.000 2.502 6.422 11.261 0.193
ME-2/1 0.010 0.000 0.260 0.454 1.105 0.013
ME-2/2 0.061 0.000 1.171 1.235 7.738 0.045
ME-3/1 0.013 0.000 0.403 0.689 1.463 0.018
ME-3/2 0.072 0.000 1.614 1.950 9.766 0.053
ME-4/1 0.017 0.000 0.415 1.077 2.175 0.031
ME-4/2 0.064 0.000 1.647 1.806 9.353 0.048
