MB+2/1 0.071 0.450 0.377 0.217 0.102 0.081
MB+2/2 0.041 0.599 0.589 0.221 0.113 0.098
MB+2/3 0.050 0.679 0.861 0.287 0.192 0.168
MB+2/4 0.392 0.844 2.150 2.349 2.901 0.363
MB+1/1 0.033 0.209 0.347 0.123 0.125 0.048
MB+1/2 0.051 0.224 0.431 0.303 0.269 0.130
MB+1/3 0.081 0.265 0.612 0.361 0.438 0.168
MB+1/4 0.476 0.965 2.723 1.899 2.812 0.255
MB_0/1 0.033 0.034 0.294 0.308 0.475 0.052
MB_0/2 0.057 0.050 0.217 0.737 0.777 0.061
MB_0/3 0.069 0.065 0.552 0.904 0.759 0.072
MB_0/4 0.188 1.423 1.409 1.653 2.464 0.294
MB-1/1 0.044 0.181 0.295 0.191 0.162 0.091
MB-1/2 0.057 0.178 0.374 0.218 0.264 0.107
MB-1/3 0.075 0.268 0.664 0.333 0.416 0.146
MB-1/4 0.411 0.976 2.361 2.000 2.242 0.309
MB-2/1 0.048 0.487 0.376 0.140 0.101 0.122
MB-2/2 0.067 0.409 0.422 0.182 0.127 0.127
MB-2/3 0.087 0.734 0.880 0.267 0.181 0.123
MB-2/4 0.306 1.349 1.997 2.625 2.354 0.344
