MB+2/1 0.065 0.469 0.397 0.130 0.118 0.090
MB+2/2 0.050 0.394 0.411 0.191 0.116 0.108
MB+2/3 0.049 0.507 0.645 0.256 0.174 0.101
MB+2/4 0.290 0.845 1.444 2.109 3.605 0.300
MB+1/1 0.031 0.158 0.285 0.138 0.121 0.050
MB+1/2 0.037 0.246 0.468 0.265 0.214 0.121
MB+1/3 0.051 0.249 0.633 0.319 0.344 0.152
MB+1/4 0.543 0.965 3.062 1.777 2.274 0.163
MB_0/1 0.026 0.026 0.197 0.248 0.454 0.044
MB_0/2 0.055 0.042 0.190 0.606 0.654 0.051
MB_0/3 0.062 0.051 0.285 0.777 0.537 0.050
MB_0/4 0.266 1.423 1.743 1.442 1.776 0.229
MB-1/1 0.029 0.128 0.193 0.141 0.189 0.097
MB-1/2 0.036 0.156 0.308 0.215 0.251 0.118
MB-1/3 0.068 0.293 0.695 0.326 0.325 0.115
MB-1/4 0.228 0.976 1.492 2.174 1.774 0.221
MB-2/1 0.048 0.439 0.324 0.184 0.113 0.079
MB-2/2 0.059 0.351 0.343 0.157 0.179 0.127
MB-2/3 0.062 0.548 0.630 0.234 0.166 0.128
MB-2/4 0.161 1.349 0.901 2.615 2.478 0.335
