MB+2/1 0.060 0.300 0.260 0.270 0.128 0.113
MB+2/2 0.050 0.854 0.839 0.217 0.156 0.147
MB+2/3 0.082 0.948 1.201 0.335 0.278 0.208
MB+2/4 0.261 0.845 1.123 2.903 2.750 0.397
MB+1/1 0.050 0.272 0.464 0.153 0.173 0.053
MB+1/2 0.064 0.265 0.534 0.368 0.385 0.140
MB+1/3 0.097 0.270 0.622 0.432 0.516 0.218
MB+1/4 0.444 0.964 2.522 3.728 2.793 0.538
MB_0/1 0.037 0.037 0.313 0.308 0.604 0.054
MB_0/2 0.073 0.051 0.294 0.662 0.790 0.070
MB_0/3 0.089 0.087 0.545 1.090 0.920 0.067
MB_0/4 0.216 1.423 1.964 2.156 2.597 0.365
MB-1/1 0.050 0.161 0.253 0.164 0.194 0.118
MB-1/2 0.065 0.222 0.484 0.346 0.284 0.120
MB-1/3 0.071 0.247 0.662 0.557 0.403 0.158
MB-1/4 0.415 0.976 2.321 3.108 2.642 0.321
MB-2/1 0.053 0.549 0.422 0.152 0.155 0.117
MB-2/2 0.067 0.651 0.669 0.199 0.201 0.201
MB-2/3 0.079 0.696 0.856 0.362 0.257 0.177
MB-2/4 0.274 1.349 1.853 2.455 1.603 0.406
