MB+2/1 0.081 0.594 0.508 0.218 0.198 0.157
MB+2/2 0.076 0.850 0.817 0.293 0.226 0.141
MB+2/3 0.127 0.790 1.044 0.284 0.397 0.233
MB+2/4 0.653 0.845 3.519 2.795 4.629 0.453
MB+1/1 0.076 0.353 0.566 0.259 0.166 0.058
MB+1/2 0.068 0.338 0.656 0.487 0.463 0.206
MB+1/3 0.099 0.319 0.692 0.591 0.679 0.278
MB+1/4 0.580 0.964 3.962 3.816 3.710 0.475
MB_0/1 0.035 0.053 0.350 0.459 0.767 0.067
MB_0/2 0.083 0.085 0.261 0.871 0.919 0.084
MB_0/3 0.110 0.126 0.741 1.217 1.041 0.101
MB_0/4 0.507 1.423 3.675 2.112 2.166 0.475
MB-1/1 0.056 0.191 0.306 0.190 0.245 0.121
MB-1/2 0.075 0.382 0.724 0.429 0.229 0.135
MB-1/3 0.083 0.338 0.899 0.718 0.470 0.204
MB-1/4 0.648 0.977 4.229 3.166 3.530 0.415
MB-2/1 0.085 0.905 0.683 0.272 0.220 0.151
MB-2/2 0.091 0.827 0.868 0.252 0.302 0.278
MB-2/3 0.125 0.859 1.057 0.496 0.257 0.210
MB-2/4 0.298 1.349 1.870 3.799 1.753 0.473
