MB+2/1 0.103 1.004 0.845 0.335 0.530 0.188
MB+2/2 0.062 0.765 0.808 0.363 0.398 0.203
MB+2/3 0.044 0.594 0.662 0.286 0.366 0.133
MB+2/4 0.277 0.844 1.557 0.819 0.534 0.177
MB+1/1 0.110 0.743 1.241 0.440 0.408 0.102
MB+1/2 0.042 0.352 0.681 0.389 0.297 0.111
MB+1/3 0.065 0.285 0.651 0.360 0.316 0.150
MB+1/4 0.214 0.965 0.902 0.549 0.312 0.103
MB_0/1 0.077 0.033 0.659 0.259 0.420 0.046
MB_0/2 0.051 0.048 0.801 0.429 0.539 0.050
MB_0/3 0.046 0.053 0.888 0.298 0.466 0.049
MB_0/4 0.145 1.423 0.911 0.453 0.418 0.144
MB-1/1 0.084 0.511 0.851 0.378 0.547 0.154
MB-1/2 0.037 0.353 0.729 0.387 0.299 0.088
MB-1/3 0.091 0.425 1.062 0.250 0.267 0.082
MB-1/4 0.219 0.976 1.383 0.541 0.429 0.139
MB-2/1 0.086 0.985 0.808 0.372 0.386 0.087
MB-2/2 0.077 1.267 1.233 0.270 0.348 0.210
MB-2/3 0.069 0.320 0.394 0.311 0.327 0.143
MB-2/4 0.285 1.349 1.389 0.533 0.606 0.197
